
Round: 0
00000000
00000000
00000000
00000000
00000000
00000000
00000000
00000000

Valid moves for 1:
3, 3
3, 4
4, 3
4, 4

Player 1: 3, 3

After move by Player 1
00000000
00000000
00000000
00000000
00010000
00000000
00000000
00000000


Round: 1
00000000
00000000
00000000
00000000
00010000
00000000
00000000
00000000

Valid moves for 2:
3, 4
4, 3
4, 4

Player 2: 4, 4

After move by Player 2
00000000
00000000
00000000
00002000
00010000
00000000
00000000
00000000


Round: 2
00000000
00000000
00000000
00002000
00010000
00000000
00000000
00000000

Valid moves for 1:
3, 4
4, 3

Player 1: 3, 4

After move by Player 1
00000000
00000000
00000000
00002000
00011000
00000000
00000000
00000000


Round: 3
00000000
00000000
00000000
00002000
00011000
00000000
00000000
00000000

Valid moves for 2:
4, 3

Player 2: 4, 3

After move by Player 2
00000000
00000000
00000000
00022000
00011000
00000000
00000000
00000000


Round: 4
00000000
00000000
00000000
00022000
00011000
00000000
00000000
00000000

Valid moves for 1:
5, 2
5, 3
5, 4
5, 5

Player 1: 5, 2

After move by Player 1
00000000
00000000
00100000
00012000
00011000
00000000
00000000
00000000


Round: 5
00000000
00000000
00100000
00012000
00011000
00000000
00000000
00000000

Valid moves for 2:
2, 2
2, 4
4, 2

Player 2: 2, 2

After move by Player 2
00000000
00000000
00100000
00012000
00021000
00200000
00000000
00000000


Round: 6
00000000
00000000
00100000
00012000
00021000
00200000
00000000
00000000

Valid moves for 1:
2, 3
3, 2
4, 5
5, 4

Player 1: 4, 5

After move by Player 1
00000000
00000000
00100000
00011100
00021000
00200000
00000000
00000000


Round: 7
00000000
00000000
00100000
00011100
00021000
00200000
00000000
00000000

Valid moves for 2:
3, 5
5, 3
5, 5

Player 2: 3, 5

After move by Player 2
00000000
00000000
00100000
00011100
00022200
00200000
00000000
00000000


Round: 8
00000000
00000000
00100000
00011100
00022200
00200000
00000000
00000000

Valid moves for 1:
1, 1
2, 3
2, 4
2, 5
2, 6

Player 1: 2, 5

After move by Player 1
00000000
00000000
00100000
00011100
00021100
00200100
00000000
00000000


Round: 9
00000000
00000000
00100000
00011100
00021100
00200100
00000000
00000000

Valid moves for 2:
3, 6
5, 3
5, 5

Player 2: 5, 5

After move by Player 2
00000000
00000000
00100200
00012100
00021100
00200100
00000000
00000000


Round: 10
00000000
00000000
00100200
00012100
00021100
00200100
00000000
00000000

Valid moves for 1:
2, 3
3, 2
5, 3
5, 4
6, 5

Player 1: 5, 3

After move by Player 1
00000000
00000000
00110200
00011100
00021100
00200100
00000000
00000000


Round: 11
00000000
00000000
00110200
00011100
00021100
00200100
00000000
00000000

Valid moves for 2:
1, 5
3, 6
6, 3

Player 2: 6, 3

After move by Player 2
00000000
00020000
00120200
00021100
00021100
00200100
00000000
00000000


Round: 12
00000000
00020000
00120200
00021100
00021100
00200100
00000000
00000000

Valid moves for 1:
1, 1
3, 2
4, 2
5, 4
6, 2
6, 5
6, 6
7, 4

Player 1: 7, 4

After move by Player 1
00001000
00010000
00120200
00021100
00021100
00200100
00000000
00000000


Round: 13
00001000
00010000
00120200
00021100
00021100
00200100
00000000
00000000

Valid moves for 2:
1, 5
1, 6
2, 6
3, 6
4, 6
5, 1
6, 1
7, 3

Player 2: 1, 5

After move by Player 2
00001000
00010000
00120200
00021200
00021200
00200200
00000200
00000000


Round: 14
00001000
00010000
00120200
00021200
00021200
00200200
00000200
00000000

Valid moves for 1:
1, 1
1, 6
2, 3
2, 6
3, 2
3, 6
4, 2
4, 6
5, 4
5, 6
6, 2
6, 6

Player 1: 6, 2

After move by Player 1
00001000
00110000
00110200
00021200
00021200
00200200
00000200
00000000


Round: 15
00001000
00110000
00110200
00021200
00021200
00200200
00000200
00000000

Valid moves for 2:
2, 3
6, 1
7, 1
7, 3

Player 2: 2, 3

After move by Player 2
00001000
00110000
00110200
00021200
00022200
00220200
00000200
00000000


Round: 16
00001000
00110000
00110200
00021200
00022200
00220200
00000200
00000000

Valid moves for 1:
1, 1
1, 3
1, 6
2, 4
2, 6
4, 2
4, 6
6, 6

Player 1: 2, 4

After move by Player 1
00001000
00110000
00110200
00021200
00021200
00221200
00000200
00000000


Round: 17
00001000
00110000
00110200
00021200
00021200
00221200
00000200
00000000

Valid moves for 2:
1, 3
6, 1
7, 1
7, 3

Player 2: 1, 3

After move by Player 2
00001000
00110000
00110200
00021200
00021200
00222200
00020200
00000000


Round: 18
00001000
00110000
00110200
00021200
00021200
00222200
00020200
00000000

Valid moves for 1:
0, 3
1, 1
1, 2
1, 4
1, 6
2, 6
3, 2
3, 6
4, 2
4, 6
5, 6
6, 6

Player 1: 5, 6

After move by Player 1
00001000
00110000
00110210
00021100
00021200
00222200
00020200
00000000


Round: 19
00001000
00110000
00110210
00021100
00021200
00222200
00020200
00000000

Valid moves for 2:
4, 6
5, 4
5, 7
6, 1
6, 7
7, 1
7, 3

Player 2: 4, 6

After move by Player 2
00001000
00110000
00110210
00022220
00021200
00222200
00020200
00000000


Round: 20
00001000
00110000
00110210
00022220
00021200
00222200
00020200
00000000

Valid moves for 1:
0, 3
1, 2
1, 4
1, 6
2, 6
3, 2
3, 6
5, 4

Player 1: 2, 6

After move by Player 1
00001000
00110000
00110210
00021220
00021100
00222210
00020200
00000000


Round: 21
00001000
00110000
00110210
00021220
00021100
00222210
00020200
00000000

Valid moves for 2:
2, 7
3, 6
3, 7
5, 4
5, 7
6, 1
6, 6
6, 7
7, 3

Player 2: 5, 7

After move by Player 2
00001000
00110000
00110222
00021220
00021100
00222210
00020200
00000000


Round: 22
00001000
00110000
00110222
00021220
00021100
00222210
00020200
00000000

Valid moves for 1:
0, 2
0, 3
0, 4
0, 5
1, 1
1, 2
1, 4
1, 6
2, 1
3, 2
4, 2
4, 7
6, 5
6, 6
6, 7

Player 1: 0, 5

After move by Player 1
00001000
00110000
00110222
00021220
00021100
00222110
00020100
00000100


Round: 23
00001000
00110000
00110222
00021220
00021100
00222110
00020100
00000100

Valid moves for 2:
0, 6
1, 6
2, 7
3, 6
5, 4
6, 1
7, 3

Player 2: 5, 4

After move by Player 2
00001000
00110000
00112222
00022220
00022100
00222110
00020100
00000100


Round: 24
00001000
00110000
00112222
00022220
00022100
00222110
00020100
00000100

Valid moves for 1:
0, 2
0, 3
2, 1
3, 2
3, 6
4, 2
6, 5

Player 1: 2, 1

After move by Player 1
00001000
00110000
00112222
00022220
00022100
01111110
00020100
00000100


Round: 25
00001000
00110000
00112222
00022220
00022100
01111110
00020100
00000100

Valid moves for 2:
0, 6
1, 1
1, 2
1, 4
1, 6
1, 7
3, 1
3, 6
5, 1
6, 1
7, 1
7, 2
7, 3

Player 2: 3, 1

After move by Player 2
00001000
00110000
00112222
00022220
02022100
01211110
00020100
00000100


Round: 26
00001000
00110000
00112222
00022220
02022100
01211110
00020100
00000100

Valid moves for 1:
0, 2
0, 3
3, 2
3, 6
4, 1
4, 2
6, 4
6, 5
6, 7

Player 1: 0, 2

After move by Player 1
00001000
00110000
00112222
00022220
02022100
01211110
00010100
00100100


Round: 27
00001000
00110000
00112222
00022220
02022100
01211110
00010100
00100100

Valid moves for 2:
0, 3
0, 4
0, 6
1, 1
1, 2
1, 4
1, 6
1, 7
2, 0
2, 7
3, 6
5, 1
6, 1
7, 1
7, 2
7, 3

Player 2: 2, 7

After move by Player 2
00001000
00110000
00112222
00022220
02022100
01222222
00010100
00100100


Round: 28
00001000
00110000
00112222
00022220
02022100
01222222
00010100
00100100

Valid moves for 1:
1, 6
1, 7
3, 2
3, 6
3, 7
4, 0
4, 1
4, 2
6, 5

Player 1: 3, 2

After move by Player 1
00001000
00110000
00112222
00022220
02111100
01222222
00010100
00100100


Round: 29
00001000
00110000
00112222
00022220
02111100
01222222
00010100
00100100

V