
Round: 0
00000000
00000000
00000000
00000000
00000000
00000000
00000000
00000000

Valid moves for 1:
3, 3
3, 4
4, 3
4, 4

Player 1: 3, 3

After move by Player 1
00000000
00000000
00000000
00000000
00010000
00000000
00000000
00000000


Round: 1
00000000
00000000
00000000
00000000
00010000
00000000
00000000
00000000

Valid moves for 2:
3, 4
4, 3
4, 4

Player 2: 4, 4

After move by Player 2
00000000
00000000
00000000
00002000
00010000
00000000
00000000
00000000


Round: 2
00000000
00000000
00000000
00002000
00010000
00000000
00000000
00000000

Valid moves for 1:
3, 4
4, 3

Player 1: 3, 4

After move by Player 1
00000000
00000000
00000000
00002000
00011000
00000000
00000000
00000000


Round: 3
00000000
00000000
00000000
00002000
00011000
00000000
00000000
00000000

Valid moves for 2:
4, 3

Player 2: 4, 3

After move by Player 2
00000000
00000000
00000000
00022000
00011000
00000000
00000000
00000000


Round: 4
00000000
00000000
00000000
00022000
00011000
00000000
00000000
00000000

Valid moves for 1:
5, 2
5, 3
5, 4
5, 5

Player 1: 5, 4

After move by Player 1
00000000
00000000
00001000
00021000
00011000
00000000
00000000
00000000


Round: 5
00000000
00000000
00001000
00021000
00011000
00000000
00000000
00000000

Valid moves for 2:
2, 3
2, 5
4, 5
6, 5

Player 2: 2, 5

After move by Player 2
00000000
00000000
00001000
00021000
00012000
00000200
00000000
00000000


Round: 6
00000000
00000000
00001000
00021000
00012000
00000200
00000000
00000000

Valid moves for 1:
2, 4
3, 2
3, 5
4, 2
5, 3

Player 1: 3, 5

After move by Player 1
00000000
00000000
00001000
00021000
00011100
00000200
00000000
00000000


Round: 7
00000000
00000000
00001000
00021000
00011100
00000200
00000000
00000000

Valid moves for 2:
2, 3
4, 5
6, 5

Player 2: 4, 5

After move by Player 2
00000000
00000000
00001000
00022200
00011200
00000200
00000000
00000000


Round: 8
00000000
00000000
00001000
00022200
00011200
00000200
00000000
00000000

Valid moves for 1:
1, 6
3, 2
3, 6
5, 2
5, 3
5, 5
5, 6

Player 1: 3, 6

After move by Player 1
00000000
00000000
00001000
00022100
00011110
00000200
00000000
00000000


Round: 9
00000000
00000000
00001000
00022100
00011110
00000200
00000000
00000000

Valid moves for 2:
2, 2
2, 3
2, 4
2, 6
4, 6
4, 7
5, 5
6, 4
6, 5

Player 2: 4, 7

After move by Player 2
00000000
00000000
00001000
00022102
00011120
00000200
00000000
00000000


Round: 10
00000000
00000000
00001000
00022102
00011120
00000200
00000000
00000000

Valid moves for 1:
1, 5
1, 6
2, 7
3, 2
3, 7
4, 2
5, 2
5, 3
5, 5

Player 1: 3, 7

After move by Player 1
00000000
00000000
00001000
00022102
00011111
00000200
00000000
00000000


Round: 11
00000000
00000000
00001000
00022102
00011111
00000200
00000000
00000000

Valid moves for 2:
2, 2
2, 3
2, 4
2, 6
2, 7
4, 6
5, 5
6, 4
6, 5

Player 2: 2, 7

After move by Player 2
00000000
00000000
00001000
00022102
00011112
00000202
00000000
00000000


Round: 12
00000000
00000000
00001000
00022102
00011112
00000202
00000000
00000000

Valid moves for 1:
1, 4
1, 5
1, 6
3, 2
4, 2
5, 2
5, 3
5, 5

Player 1: 1, 5

After move by Player 1
00000000
00000000
00001000
00022102
00011112
00000102
00000100
00000000


Round: 13
00000000
00000000
00001000
00022102
00011112
00000102
00000100
00000000

Valid moves for 2:
1, 4
1, 6
2, 2
2, 3
2, 4
2, 6
3, 2
4, 6
6, 3
6, 4
6, 5

Player 2: 3, 2

After move by Player 2
00000000
00000000
00001000
00022102
00222222
00000102
00000100
00000000


Round: 14
00000000
00000000
00001000
00022102
00222222
00000102
00000100
00000000

Valid moves for 1:
2, 1
2, 3
2, 4
4, 2
5, 2

Player 1: 4, 2

After move by Player 1
00000000
00000000
00001000
00111102
00222222
00000102
00000100
00000000


Round: 15
00000000
00000000
00001000
00111102
00222222
00000102
00000100
00000000

Valid moves for 2:
0, 5
1, 4
1, 6
5, 1
5, 2
5, 3
5, 5
5, 6
6, 3
6, 4
6, 5

Player 2: 0, 5

After move by Player 2
00000000
00000000
00001000
00111102
00222222
00000202
00000200
00000200


Round: 16
00000000
00000000
00001000
00111102
00222222
00000202
00000200
00000200

Valid moves for 1:
1, 6
2, 1
2, 2
2, 3
2, 4
2, 6

Player 1: 2, 4

After move by Player 1
00000000
00000000
00001000
00111102
00211222
00001202
00000200
00000200


Round: 17
00000000
00000000
00001000
00111102
00211222
00001202
00000200
00000200

Valid moves for 2:
1, 3
2, 3
5, 1
5, 2
5, 3
5, 5
6, 3
6, 5

Player 2: 5, 2

After move by Player 2
00000000
00000000
00201000
00221102
00212222
00001202
00000200
00000200


Round: 18
00000000
00000000
00201000
00221102
00212222
00001202
00000200
00000200

Valid moves for 1:
0, 6
2, 1
2, 3
2, 6
3, 1
4, 1
4, 6
5, 1
5, 3

Player 1: 2, 6

After move by Player 1
00000000
00000000
00201000
00221102
00212122
00001112
00000200
00000200


Round: 19
00000000
00000000
00201000
00221102
00212122
00001112
00000200
00000200

Valid moves for 2:
1, 4
1, 6
2, 3
4, 6
5, 5
5, 6
6, 3
6, 4
6, 5

Player 2: 1, 4

After move by Player 2
00000000
00000000
00201000
00221102
00212122
00002212
00002200
00000200


Round: 20
00000000
00000000
00201000
00221102
00212122
00002212
00002200
00000200

Valid moves for 1:
0, 4
0, 6
1, 3
2, 1
2, 3
3, 1
4, 1
4, 6
5, 1
5, 3

Player 1: 2, 3

After move by Player 1
00000000
00000000
00201000
00221102
00211122
00011112
00002200
00000200


Round: 21
00000000
00000000
00201000
00221102
00211122
00011112
00002200
00000200

Valid moves for 2:
1, 3
1, 6
2, 2
4, 6
5, 5
6, 3
6, 4
6, 5

Player 2: 6, 4

After move by Player 2
00000000
00002000
00202000
00222102
00212122
00012112
00002200
00000200


Round: 22
00000000
00002000
00202000
00222102
00212122
00012112
00002200
00000200

Valid moves for 1:
0, 3
0, 4
0, 6
1, 3
3, 1
4, 1
4, 6
5, 1
5, 3
5, 5
6, 1
6, 3

Player 1: 0, 6

After move by Player 1
00000000
00002000
00202000
00222102
00212122
00011112
00002100
00000210


Round: 23
00000000
00002000
00202000
00222102
00212122
00011112
00002100
00000210

Valid moves for 2:
0, 4
0, 7
1, 2
1, 3
1, 6
1, 7
2, 2
4, 6
5, 5
5, 6

Player 2: 0, 7

After move by Player 2
00000000
00002000
00202000
00222102
00212122
00011112
00002100
00000222


Round: 24
00000000
00002000
00202000
00222102
00212122
00011112
00002100
00000222

Valid moves for 1:
0, 3
0, 4
1, 3
3, 1
4, 1
4, 6
5, 1
5, 3
5, 5
6, 1
6, 3
7, 4

Player 1: 0, 4

After move by Player 1
00000000
00002000
00202000
00222102
00212122
00011112
00001100
00001222


Round: 25
00000000
00002000
00202000
00222102
00212122
00011112
00001100
00001222

Valid moves for 2:
0, 3
1, 2
1, 3
1, 6
1, 7
2, 2
4, 6
5, 5
5, 6

Player 2: 0, 3

After move by Player 2
00000000
00002000
00202000
00222102
00212122
00011212
00002100
00022222


Round: 26
00000000
00002000
00202000
00222102
00212122
00011212
00002100
00022222

Valid moves for 1:
1, 3
3, 1
4, 1
4, 6
5, 1
5, 3
5, 5
6, 3
7, 4

Player 1: 1, 3

After move by Player 1
00000000
00002000
00202000
00222102
00212122
00011212
00011100
00022222


Round: 27
00000000
00002000
00202000
00222102
00212122
00011212
00011100
00022222

Valid moves for 2:
1, 2
1, 6
1, 7
2, 2
4, 6
5, 5
5, 6

Player 2: 2, 2

After move by Player 2
00000000
00002000
00202000
00222102
00222122
00222212
00021100
00022222


Round: 28
00000000
00002000
00202000
00222102
00222122
00222212
00021100
00022222

Valid moves for 1:
0, 2
1, 2
2, 1
3, 1
4, 1
4, 6
5, 1
5, 3
6, 3
7, 4

Player 1: 2, 1

After move by Player 1
00000000
00002000
00202000
00222102
00222122
01111112
00021100
00022222


Round: 29
00000000
00002000
00202000
00222102
00222122
01111112
00021100
00022222

Valid moves for 2:
1, 0
1, 1
1, 2
1, 6
1, 7
2, 0
3, 1
4, 6
5, 5
5, 6

Player 2: 2, 0

After move by Player 2
00000000
00002000
00202000
00222102
00222122
22222222
00021100
00022222


Round: 30
00000000
00002000
00202000
00222102
00222122
22222222
00021100
00022222

Valid moves for 1:
0, 2
1, 2
1, 7
3, 1
4, 1
5, 1
5, 3
6, 3
7, 4

Player 1: 3, 1

After move by Player 1
00000000
00002000
00202000
00222102
01111122
22222222
00021100
00022222


Round: 31
00000000
00002000
00202000
00222102
01111122
22222222
00021100
00022222

Valid moves for 2:
1, 6
3, 0
4, 0
4, 1
4, 6
5, 5
5, 6

Player 2: 3, 0

After move by Player 2
00000000
00002000
00202000
00222102
22222222
22222222
00021100
00022222


Round: 32
00000000
00002000
00202000
00222102
22222222
22222222
00021100
00022222

Valid moves for 1:
1, 2
4, 1
5, 1
6, 3
7, 4

Player 1: 4, 1

After move by Player 1
00000000
00002000
00202000
01111102
22122222
22212222
00021100
00022222


Round: 33
00000000
00002000
00202000
01111102
22122222
22212222
00021100
00022222

Valid moves for 2:
1, 2
1, 6
5, 0
5, 1
5, 3
5, 5
5, 6

Player 2: 5, 0

After move by Player 2
00000000
00002000
20202000
02111102
22222222
22222222
00022100
00022222


Round: 34
00000000
00002000
20202000
02111102
22222222
22222222
00022100
00022222

Valid moves for 1:
1, 0
1, 1
1, 2
1, 6
1, 7
4, 0
6, 1
6, 2
6, 3
6, 5
7, 4

Player 1: 4, 0

After move by Player 1
00000000
00002000
20202000
11111102
22222222
22222222
00022100
00022222


Round: 35
00000000
00002000
20202000
11111102
22222222
22222222
00022100
00022222

Valid moves for 2:
1, 6
5, 1
5, 3
5, 5
5, 6

Player 2: 5, 3

After move by Player 2
00000000
00002000
20222000
11222102
22222222
22222222
00022100
00022222


Round: 36
00000000
00002000
20222000
11222102
22222222
22222222
00022100
00022222

Valid moves for 1:
1, 0
1, 1
1, 2
5, 1
6, 0
6, 3

Player 1: 6, 3

After move by Player 1
00000000
00012000
20121000
11222102
22222222
22222222
00022100
00022222


Round: 37
00000000
00012000
20121000
11222102
22222222
22222222
00022100
00022222

Valid moves for 2:
1, 6
4, 6
5, 1
5, 5
5, 6
6, 1
6, 2
6, 5
7, 2
7, 3
7, 4

Player 2: 7, 2

After move by Player 2
00200000
00022000
20122000
11222202
22222222
22222222
00022100
00022222


Round: 38
00200000
00022000
20122000
11222202
22222222
22222222
00022100
00022222

Valid moves for 1:
1, 0
1, 1
1, 2
1, 6
4, 6
5, 1
5, 5
6, 0
7, 4

Player 1: 5, 5

After move by Player 1
00200000
00022000
20111100
11222102
22222122
22222122
00022100
00022222


Round: 39
00200000
00022000
20111100
11222102
22222122
22222122
00022100
00022222

Valid moves for 2:
1, 6
4, 6
5, 1
5, 6
6, 1
6, 2
6, 5
6, 6

Player 2: 6, 5

After move by Player 2
00200000
00022200
20112200
11222202
22222222
22222222
00022200
00022222


Round: 40
00200000
00022200
20112200
11222202
22222222
22222222
00022200
00022222

Valid moves for 1:
1, 0
1, 1
1, 2
1, 6
1, 7
4, 6
5, 6
6, 0
7, 3
7, 4
7, 5

Player 1: 4, 6

After move by Player 1
00200000
00022200
20112200
11111112
22222222
22222222
00022200
00022222


Round: 41
00200000
00022200
20112200
11111112
22222222
22222222
00022200
00022222

Valid moves for 2:
5, 1
5, 6
5, 7
6, 1
6, 2

Player 2: 5, 1

After move by Player 2
00200000
00022200
22222200
12211112
22222222
22222222
00022200
00022222


Round: 42
00200000
00022200
22222200
12211112
22222222
22222222
00022200
00022222

Valid moves for 1:
0, 2
1, 0
1, 1
1, 2
1, 6
1, 7
6, 0
6, 1
6, 2
6, 6
7, 3
7, 4
7, 5
7, 6

Player 1: 1, 2

After move by Player 1
00200000
00022200
22222200
12211112
22221222
22212222
00122200
00022222


Round: 43
00200000
00022200
22222200
12211112
22221222
22212222
00122200
00022222

Valid moves for 2:
0, 2
1, 1
5, 6
5, 7

Player 2: 5, 7

After move by Player 2
00200000
00022200
22222202
12211122
22221222
22212222
00122200
00022222


Round: 44
00200000
00022200
22222202
12211122
22221222
22212222
00122200
00022222

Valid moves for 1:
1, 0
1, 1
1, 6
1, 7
6, 0
6, 1
6, 2
6, 6
7, 3
7, 4
7, 5
7, 6

Player 1: 1, 6

After move by Player 1
00200000
00022200
22222202
12211122
22221222
22212122
00111110
00022222


Round: 45
00200000
00022200
22222202
12211122
22221222
22212122
00111110
00022222

Valid moves for 2:
0, 2

Player 2: 0, 2

After move by Player 2
00200000
00022200
22222202
12211122
22221222
22212122
00221110
00222222


Round: 46
00200000
00022200
22222202
12211122
22221222
22212122
00221110
00222222

Valid moves for 1:
0, 1
1, 0
1, 1
1, 7
5, 6
6, 0
6, 1
6, 2
6, 6
7, 3
7, 4
7, 5
7, 6

Player 1: 6, 2

After move by Player 1
00200000
00122200
21212202
12211122
22221222
22212122
00221110
00222222


Round: 47
00200000
00122200
21212202
12211122
22221222
22212122
00221110
00222222

Valid moves for 2:
1, 7
5, 6
6, 0
6, 1
7, 1

Player 2: 1, 7

After move by Player 2
00200000
00122200
21212202
12211122
22221222
22212122
00222222
00222222


Round: 48
00200000
00122200
21212202
12211122
22221222
22212122
00222222
00222222

Valid moves for 1:
0, 1
1, 0
1, 1
5, 6
6, 0
6, 1
6, 6
7, 3
7, 4
7, 5
7, 6

Player 1: 7, 3

After move by Player 1
00210000
00112200
21212202
12211122
22221222
22212122
00222222
00222222


Round: 49
00210000
00112200
21212202
12211122
22221222
22212122
00222222
00222222

Valid moves for 2:
5, 6
6, 0
6, 1
7, 1
7, 4

Player 2: 7, 4

After move by Player 2
00222000
00122200
21212202
12211122
22221222
22212122
00222222
00222222


Round: 50
00222000
00122200
21212202
12211122
22221222
22212122
00222222
00222222

Valid moves for 1:
0, 1
1, 0
1, 1
5, 6
6, 0
6, 1
6, 6
7, 5
7, 6

Player 1: 7, 5

After move by Player 1
00222100
00121100
21212102
12211122
22221222
22212122
00222222
00222222


Round: 51
00222100
00121100
21212102
12211122
22221222
22212122
00222222
00222222

Valid moves for 2:
5, 6
6, 0
6, 1
6, 6
7, 1
7, 6

Player 2: 5, 6

After move by Player 2
00222100
00121200
21212222
12211222
22222222
22222122
00222222
00222222


Round: 52
00222100
00121200
21212222
12211222
22222222
22222122
00222222
00222222

Valid moves for 1:
1, 0
1, 1
6, 0
6, 1
6, 6
7, 1
7, 6

Player 1: 6, 6

After move by Player 1
00222100
00121110
21212122
12211222
22222222
22222122
00222222
00222222


Round: 53
00222100
00121110
21212122
12211222
22222222
22222122
00222222
00222222

Valid moves for 2:
6, 0
6, 1
6, 7
7, 1
7, 6
7, 7

Player 2: 7, 6

After move by Player 2
00222220
00121220
21212122
12211222
22222222
22222122
00222222
00222222


Round: 54
00222220
00121220
21212122
12211222
22222222
22222122
00222222
00222222

Valid moves for 1:
1, 0
1, 1
6, 0
6, 1
6, 7
7, 7

Player 1: 6, 7

After move by Player 1
00222220
00121111
21212122
12211222
22222222
22222122
00222222
00222222


Round: 55
00222220
00121111
21212122
12211222
22222222
22222122
00222222
00222222

Valid moves for 2:
6, 0
6, 1
7, 1
7, 7

Player 2: 7, 7

After move by Player 2
00222222
00121122
21212222
12212222
22222222
22222122
00222222
00222222


Round: 56
00222222
00121122
21212222
12212222
22222222
22222122
00222222
00222222

Valid moves for 1:
1, 0
1, 1
6, 0
6, 1

Player 1: 1, 0

After move by Player 1
00222222
00121122
21212222
12212222
12122222
11222122
10222222
00222222


Round: 57
00222222
00121122
21212222
12212222
12122222
11222122
10222222
00222222

Valid moves for 2:
0, 0
1, 1
6, 0
6, 1
7, 1

Player 2: 0, 0

After move by Player 2
00222222
00121122
21212222
22212222
22122222
21222122
20222222
20222222


Round: 58
00222222
00121122
21212222
22212222
22122222
21222122
20222222
20222222

Valid moves for 1:
6, 1

Player 1: 6, 1

After move by Player 1
00222222
01121122
21112222
22212222
22122222
21222122
20222222
20222222


Round: 59
00222222
01121122
21112222
22212222
22122222
21222122
20222222
20222222

Valid moves for 2:
1, 1
6, 0
7, 0
7, 1

Player 2: 7, 0

After move by Player 2
20222222
02121122
21212222
22222222
22122222
21222122
20222222
20222222


Round: 60
20222222
02121122
21212222
22222222
22122222
21222122
20222222
20222222

Valid moves for 1:
6, 0
7, 1

Player 1: 7, 1

After move by Player 1
21222222
01121122
21212222
22222222
22122222
21222122
20222222
20222222


Round: 61
21222222
01121122
21212222
22222222
22122222
21222122
20222222
20222222

Valid moves for 2:
1, 1
6, 0

Player 2: 6, 0

After move by Player 2
21222222
22221122
22212222
22222222
22122222
21222122
20222222
20222222


Round: 62
21222222
22221122
22212222
22222222
22122222
21222122
20222222
20222222

Valid moves for 1:

Player 1 can't move

Round: 62
21222222
22221122
22212222
22222222
22122222
21222122
20222222
20222222

Valid moves for 2:
1, 1

Player 2: 1, 1

After move by Player 2
21222222
22221122
22212222
22222222
22122222
22222122
22222222
20222222


Round: 63
21222222
22221122
22212222
22222222
22122222
22222122
22222222
20222222

Valid moves for 1:
0, 1

Player 1: 0, 1

After move by Player 1
21222222
21221122
21212222
21222222
21122222
21222122
21222222
21222222


Round: 64
21222222
21221122
21212222
21222222
21122222
21222122
21222222
21222222

Valid moves for 2:

Player 2 can't move

Round: 64
21222222
21221122
21212222
21222222
21122222
21222122
21222222
21222222

Valid moves for 1:

Player 1 can't move

Black: 13
White: 51

